0 0.7972222222222223 0.4409722222222222 0.10370370370370374 0.14861111111111108
0 0.5287037037037037 0.49444444444444446 0.024074074074074026 0.050000000000000044
0 0.4638888888888889 0.4923611111111111 0.025925925925925908 0.03749999999999998
0 0.9583333333333333 0.5020833333333333 0.03888888888888886 0.05972222222222223
0 0.4027777777777778 0.5104166666666666 0.005555555555555536 0.009722222222222188
0 0.5 0.5041666666666667 0.005555555555555536 0.008333333333333304
0 0.5657407407407407 0.4944444444444444 0.022222222222222254 0.03888888888888886
0 0.6305555555555555 0.5 0.007407407407407418 0.01944444444444443
0 0.3699074074074074 0.5090277777777777 0.002777777777777768 0.004166666666666652
0 0.42592592592592593 0.4965277777777778 0.012962962962962954 0.020833333333333315
0 0.6060185185185185 0.49444444444444446 0.015740740740740833 0.03333333333333327
