0 0.17175925925925928 0.48611111111111116 0.03240740740740741 0.06666666666666671
0 0.7518518518518519 0.5791666666666666 0.011111111111111072 0.01666666666666672
0 0.7833333333333333 0.5923611111111111 0.005555555555555536 0.009722222222222188
0 0.7981481481481482 0.5902777777777778 0.0037037037037037646 0.005555555555555536
0 0.8203703703703704 0.58125 0.00925925925925919 0.012500000000000067
0 0.13055555555555556 0.49722222222222223 0.02592592592592592 0.05833333333333335
0 0.09722222222222222 0.5145833333333334 0.020370370370370372 0.040277777777777746
0 0.6407407407407407 0.6069444444444445 0.0037037037037037646 0.005555555555555647
0 0.8388888888888889 0.5930555555555556 0.0037037037037037646 0.008333333333333304
0 0.7638888888888888 0.5895833333333333 0.0037037037037036535 0.00694444444444442
