0 0.737037037037037 0.5451388888888888 0.011111111111111072 0.029166666666666674
0 0.7287037037037036 0.554861111111111 0.007407407407407418 0.023611111111111138
0 0.6337962962962963 0.5805555555555555 0.002777777777777768 0.008333333333333415
0 0.6101851851851852 0.5888888888888889 0.0037037037037037646 0.008333333333333304
0 0.6087962962962963 0.5972222222222222 0.002777777777777768 0.008333333333333304
0 0.5921296296296297 0.59375 0.0064814814814814214 0.012499999999999956
0 0.5699074074074074 0.5951388888888889 0.0064814814814815325 0.012499999999999956
0 0.5162037037037037 0.5944444444444444 0.0064814814814815325 0.01388888888888884
0 0.5032407407407408 0.5875 0.00833333333333336 0.01388888888888884
0 0.9583333333333333 0.16736111111111113 0.0796296296296296 0.15972222222222224
0 0.5763888888888888 0.5993055555555555 0.00462962962962965 0.00694444444444442
0 0.5856481481481481 0.5881944444444445 0.004629629629629539 0.009722222222222188
