0 0.7208333333333333 0.5034722222222222 0.04351851851851851 0.08194444444444438
0 0.7708333333333334 0.5368055555555555 0.04351851851851851 0.07916666666666661
0 0.625 0.5798611111111112 0.007407407407407307 0.018055555555555602
0 0.6134259259259259 0.5916666666666667 0.0064814814814815325 0.011111111111111072
0 0.6041666666666666 0.5916666666666667 0.008333333333333304 0.008333333333333304
0 0.5875 0.5819444444444444 0.008333333333333304 0.011111111111111183
0 0.5060185185185184 0.5944444444444444 0.00462962962962965 0.008333333333333304
0 0.5824074074074074 0.5979166666666667 0.005555555555555536 0.009722222222222188
0 0.5842592592592593 0.56875 0.0037037037037037646 0.009722222222222188
0 0.5509259259259259 0.5958333333333333 0.007407407407407307 0.011111111111111072
0 0.5578703703703703 0.5951388888888889 0.0064814814814815325 0.012499999999999956
